19
23
27
30
34
38
41
45
47
51
54
57
60
63
67
70
73
77
79
83
85
87
91
93
95
98
101
103
106
108
111
113
115
117
119
121
123
125
127
127
131
134
137
139
141
143
146
148
151
153
155
157
158
159
162
165
167
169
171
172
174
175
177
179
180
182
183
185
186
187
189
189
191
191
193
195
196
198
199
199
201
201
203
203
204
204
205
205
206
206
206
207
207
207
207
207
207
207
207
207
207
207
208
208
209
209
209
209
210
208
206
204
202
201
200
198
197
196
196
195
194
194
193
192
192
192
192
190
189
188
187
186
185
185
184
183
182
182
181
180
180
179
179
179
178
178
177
177
177
177
176
176
176
176
176
176
175
174
174
173
173
172
172
172
171
171
171
170
170
170
169
169
169
169
169
169
169
168